1773999974490 と 1774034178956 の英語・日本語タイトルを作成しました。
1773989576296 と 1773990277403 の英語・日本語タイトルを作成しました。
1773990977534、1773991677530、1773992378071 の英語・日本語タイトルを作成しました。
1772949554592、1772949556780、1772949566897、1772949568766 の英語・日本語タイトルを作成しました。
1773987476117、1773988175870、1773988876127、1774034879175、1774035579379 の英語・日本語タイトルを作成しました。
1774072321620、1774072322351、1774072323282、1774072324147、1774072325803 の英語・日本語タイトルを作成しました。
1774042472621, 1774072312784, 1774072314694, 1774072316154, 1774072317567 の英語・日本語タイトルを作成しました。
1773986775678, 1774041072133, 1774041772213, 1774072318461, 1774072319273 の英語・日本語タイトルを作成しました。
1773983974460, 1773984674729, 1773985374947 の英語・日本語タイトルを作成しました。
1773986075179, 1774072320014 の英語・日本語タイトルを作成しました。
1772949587896, 1772976848939, 1772976853092, 1772976857165, 1773976271970, 1773976972235, 1773977672804, 1773978372650, 1773979072823 の英語・日本語タイトルを作成しました。
1772976866231, 1772976888806, 1772976894032, 1772976899998, 1773829198932 の英語・日本語タイトルを作成しました。
1772976908294, 1772976915818, 1772976920869, 1772976926348, 1773829899816, 1773830599406, 1773935173159, 1773970079163 の英語・日本語タイトルを作成しました。
1773827113761, 1773827799164 の英語・日本語タイトルを作成しました。
1772976937617, 1772976942663, 1772976952818, 1772976954915, 1773827814045, 1773828498949, 1773970779559 の英語・日本語タイトルを作成しました。
1773815889816, 1773816620529, 1773817351260, 1773818081583, 1773818812573 の英語・日本語タイトルを作成しました。
1773812237109, 1773812266889, 1773812967415, 1773813701198, 1773814429100 の英語・日本語タイトルを作成しました。
1772976962042, 1772976967440, 1772976973294, 1772976978180, 1772976984755, 1772976994125, 1772976996538, 1772977003516, 1774606873890, 1774608974499, 1774609674659, 1774610374873, 1774611075094, 1774611775400, 1774612475568 の英語・日本語タイトルを作成しました。
1772977008884, 1772977016174, 1772977023450, 1772977030971, 1772977037045, 1772977041921, 1772977046504, 1772977051342, 1774595078003, 1774595778349, 1774596481348, 1774597178692, 1774602673040, 1774603373159, 1774604073271 の英語・日本語タイトルを作成しました。
1774590176879, 1774590877643, 1774591577105, 1774592277435, 1774592977715, 1774593677794, 1774594378074, 1774604773668, 1774605473814, 1774606173759, 1774613175793, 1774613876074, 1774614576254, 1774615276551, 1774615976768 の英語・日本語タイトルを作成しました。
1772977060760, 1772982609987, 1772986456190, 1772986466359, 1774570676065, 1774571376378, 1774572076607, 1774572776753, 1774573478033, 1774574177479, 1774575578989, 1774582476553, 1774583175131, 1774583875344, 1774584574987 の英語・日本語タイトルを作成しました。
1774568575542, 1774569975902, 1774585275470, 1774585975455, 1774586676650, 1774587375776, 1774588076156, 1774588778921, 1774589476701, 1774616677011, 1774617381115, 1774618081312, 1774618783210, 1774624272947, 1774624973220 の英語・日本語タイトルを作成しました。
1772986469324, 1772986475532, 1772986488592, 1772986492884, 1774565075669, 1774565775772, 1774566475285, 1774567175053, 1774567875295, 1774699577397, 1774700277656, 1774700978253, 1774701678182, 1774702379008, 1774703078542 の英語・日本語タイトルを作成しました。
1772826166970, 1772826173928, 1772826185970, 1774563675081, 1774564375474, 1774703782575, 1774704482771, 1774705182935, 1774710673053, 1774711373240, 1774712073355, 1774712773819, 1774713473787, 1774713488700, 1774714173920 の英語・日本語タイトルを作成しました。
1774561574157, 1774562274787, 1774562974034, 1774714875898, 1774715574415, 1774716274755, 1774716974885, 1774717679167, 1774718376504, 1774719076841, 1774719776036, 1774720478406, 1774721176729, 1774721876758, 1774722577064 の英語・日本語タイトルを作成しました。
1772826202959, 1772826227100, 1772826233344, 1772826303140, 1774560173395, 1774560873410, 1774723277368, 1774723977597, 1774724677861, 1774725378158, 1774726078420, 1774726778750, 1774732272910, 1774732973221, 1774733673499 の英語・日本語タイトルを作成しました。
